#t x y z vx vy vz
0.00 -377.77 611.47 -284.60 73.02 -72.14 49.54
0.07 -372.42 606.23 -281.09 74.91 -76.63 52.87
0.14 -367.22 600.88 -277.49 73.48 -75.62 50.53
0.21 -361.73 595.35 -273.91 73.06 -77.66 52.32
0.29 -356.48 589.85 -270.41 71.38 -80.14 50.25
0.36 -351.28 584.14 -266.96 71.85 -82.68 48.39
0.43 -346.16 578.31 -263.62 68.75 -81.69 45.38
0.50 -341.29 572.34 -260.26 67.09 -82.74 43.81
0.57 -336.53 566.22 -256.78 65.06 -82.20 44.27
0.64 -331.96 560.22 -253.51 63.82 -84.02 44.63
0.71 -327.76 554.33 -250.35 57.48 -82.55 43.84
0.79 -323.83 548.53 -247.26 52.43 -80.63 43.67
0.86 -320.26 543.01 -244.39 46.86 -76.35 41.71
0.93 -316.79 537.69 -241.54 45.48 -72.23 39.63
1.00 -313.62 532.64 -238.46 45.97 -69.91 43.64
1.07 -310.34 527.69 -235.12 42.26 -65.20 48.63
1.14 -307.19 523.02 -231.55 45.34 -62.33 49.02
1.21 -303.96 518.54 -227.88 48.47 -62.76 54.24
1.29 -300.39 514.02 -223.91 47.63 -61.31 58.77
1.36 -296.83 509.68 -219.79 52.40 -61.15 59.58
1.43 -292.96 505.27 -215.52 54.80 -62.49 62.58
1.50 -288.93 500.85 -211.06 59.10 -62.83 62.79
1.57 -284.72 496.35 -206.50 60.43 -63.56 63.43
1.64 -280.22 491.72 -201.83 63.58 -65.11 66.03
1.71 -275.57 487.01 -197.07 69.99 -68.24 66.88
1.79 -270.59 482.12 -192.13 73.81 -69.13 68.16
1.86 -265.43 477.27 -187.32 76.77 -71.90 69.47
1.93 -260.03 472.15 -182.15 77.99 -70.88 70.99
2.00 -254.42 467.03 -177.26 79.31 -73.35 71.50
2.07 -248.72 461.65 -172.15 81.62 -77.86 72.47
2.14 -242.65 456.01 -167.02 84.15 -81.33 75.25
2.21 -236.55 450.15 -161.67 85.62 -82.00 73.44
2.29 -230.24 444.16 -156.33 88.84 -83.38 71.72
2.36 -224.00 438.14 -151.06 92.43 -87.66 71.40
2.43 -217.60 431.70 -145.70 89.70 -91.72 71.35
2.50 -211.17 425.09 -140.46 91.21 -94.63 73.15
2.57 -204.66 418.26 -135.17 92.86 -96.49 73.94
2.64 -198.11 411.24 -129.78 91.25 -96.54 73.57
2.71 -191.41 404.20 -124.48 92.87 -98.84 73.10
2.79 -184.53 396.96 -119.11 93.98 -102.04 76.98
2.86 -177.80 389.60 -113.57 96.50 -104.21 77.35
2.93 -170.88 382.00 -107.94 95.88 -105.77 77.15
3.00 -163.83 374.14 -102.28 96.86 -111.34 79.60
3.07 -156.72 365.92 -96.37 97.66 -112.70 82.89
3.14 -149.33 357.47 -90.38 101.44 -118.94 83.56
3.21 -142.03 348.79 -84.31 102.79 -121.87 83.62
3.29 -134.46 339.75 -78.22 107.23 -130.07 87.45
3.36 -126.76 330.20 -71.87 111.27 -136.17 89.86
3.43 -118.78 320.12 -65.39 113.34 -144.93 88.25
3.50 -110.56 309.51 -59.23 119.24 -158.33 87.46
3.57 -102.06 297.83 -52.99 116.91 -169.74 90.34
3.64 -93.47 285.37 -46.92 122.86 -182.88 86.62
3.71 -84.41 271.68 -41.13 124.34 -200.69 82.36
3.79 -75.46 256.48 -35.63 125.80 -228.54 71.17
3.86 -66.47 239.15 -30.99 122.90 -260.23 53.36
3.93 -58.44 219.15 -28.24 96.04 -299.59 13.18
4.00 -53.56 197.83 -29.50 42.44 -285.14 -53.02
4.07 -52.00 179.51 -34.28 14.92 -230.42 -69.75
4.14 -51.23 164.74 -39.04 17.52 -184.22 -59.88
4.21 -50.06 152.47 -42.63 22.85 -157.60 -42.29
4.29 -48.38 142.26 -45.36 24.97 -135.07 -25.62
4.36 -46.87 133.11 -46.61 22.03 -114.55 -13.44
4.43 -45.41 125.34 -47.34 18.66 -99.16 -3.55
4.50 -44.20 118.78 -47.46 19.55 -82.35 1.31
4.57 -42.93 113.23 -47.19 15.50 -66.78 5.48
4.64 -41.89 108.94 -46.72 15.15 -54.54 9.11
4.71 -40.77 105.47 -45.96 14.99 -43.84 14.26
4.79 -39.78 102.89 -45.08 13.01 -32.74 14.93
4.86 -38.68 100.99 -43.94 16.40 -22.30 16.73
4.93 -37.54 99.91 -42.79 17.05 -11.47 17.53
5.00 -36.14 99.47 -41.60 19.41 -4.01 21.75
5.07 -34.73 99.49 -40.00 20.12 4.98 24.41
5.14 -33.12 100.17 -38.25 22.93 13.85 27.89
5.21 -31.28 101.39 -36.21 27.10 19.61 33.60
5.29 -29.41 103.10 -33.76 26.63 28.55 37.54
5.36 -27.22 105.52 -31.11 30.34 37.07 42.08
5.43 -24.99 108.52 -28.00 34.21 48.25 45.78
5.50 -22.45 112.28 -24.63 37.58 55.71 52.09
5.57 -19.75 116.90 -20.73 44.13 70.28 58.80
5.64 -16.60 122.55 -16.35 49.11 87.25 68.40
5.71 -13.01 129.65 -11.34 60.69 110.51 80.01
5.79 -8.30 138.71 -5.09 80.92 147.04 98.89
5.86 -0.52 150.71 3.24 197.12 148.43 134.19
5.93 10.50 156.78 9.18 119.89 20.56 64.18
6.00 17.62 157.90 12.18 50.89 -6.58 39.23
6.07 21.85 156.39 13.98 8.35 -21.28 22.18
6.14 23.81 152.80 15.35 -14.48 -50.91 8.29
6.21 24.17 147.13 16.03 -52.24 -116.09 -21.17
6.29 24.74 141.27 15.97 56.11 0.60 50.14
6.36 27.44 139.78 17.98 36.36 -8.44 50.78
6.43 29.54 138.31 20.05 29.26 -28.03 41.01
6.50 29.64 135.86 21.36 37.33 -35.06 35.03
6.57 32.84 134.26 24.29 37.69 -25.70 49.21
6.64 34.60 132.73 26.94 41.89 -26.81 43.33
6.71 36.12 131.14 28.97 44.16 -27.24 39.84
6.79 38.95 129.58 31.32 39.12 -34.76 27.89
6.86 41.71 127.52 33.66 40.94 -32.65 27.07
6.93 44.60 125.50 36.37 38.34 -33.92 27.08
7.00 47.02 123.26 38.29 40.85 -33.96 27.00
7.07 49.37 120.70 40.14 34.33 -34.88 14.83
7.14 52.07 118.26 41.99 34.54 -30.67 15.08
7.21 54.49 116.19 43.63 33.38 -27.96 14.37
7.29 56.97 114.18 45.27 34.41 -29.56 14.63
7.36 59.61 112.34 46.91 36.27 -25.13 18.95
7.43 62.11 110.67 48.49 34.52 -22.43 19.51
7.50 64.86 109.02 50.05 37.15 -22.66 22.67
7.57 67.46 107.51 51.56 35.68 -22.65 24.83
7.64 70.14 106.13 53.20 34.79 -21.15 20.91
7.71 72.69 104.51 54.68 31.69 -19.78 21.57
7.79 75.41 103.26 56.01 33.49 -16.19 20.09
7.86 78.07 101.99 57.49 32.39 -18.75 19.96
7.93 80.68 100.44 59.03 32.79 -20.70 16.59
8.00 83.34 99.14 60.69 34.06 -18.07 21.11
8.07 85.88 97.81 62.47 34.33 -18.66 22.31
8.14 88.07 96.59 64.28 33.06 -16.57 24.52
8.21 90.45 95.42 66.09 34.60 -15.82 25.96
8.29 92.71 94.13 68.16 35.66 -20.85 31.12
8.36 95.02 92.67 70.31 36.99 -20.31 35.55
8.43 97.38 91.17 72.27 37.49 -24.06 32.40
8.50 99.80 89.38 74.30 34.48 -28.39 32.64
8.57 102.49 87.42 76.40 35.91 -28.44 29.94
8.64 105.04 85.38 78.16 33.66 -33.60 23.44
8.71 107.53 83.17 79.98 29.52 -31.37 25.15
8.79 109.75 81.31 81.94 32.62 -28.09 23.34
8.86 112.20 79.29 83.65 32.07 -29.25 20.82
8.93 114.26 77.32 85.28 31.94 -27.37 21.86
9.00 116.45 75.36 87.06 32.24 -26.13 19.75
9.07 118.49 73.34 88.58 29.25 -24.54 21.65
9.14 120.55 71.40 90.33 30.61 -25.17 21.16
9.21 122.52 69.39 91.91 29.44 -25.17 18.72
9.29 124.43 67.27 93.26 31.42 -26.38 19.60
9.36 126.45 65.45 94.67 31.17 -26.46 21.88
9.43 128.45 63.67 96.07 27.18 -25.43 21.67
9.50 130.36 62.19 97.39 24.90 -20.84 19.92
9.57 132.28 60.76 98.87 25.17 -14.67 22.33
9.64 134.42 59.77 100.38 29.04 -13.30 23.09
9.71 136.66 58.72 102.18 31.62 -13.28 23.72
9.79 139.05 57.82 104.13 33.03 -14.51 25.27
9.86 141.66 56.96 106.26 33.90 -18.72 25.56
9.93 144.03 55.79 108.24 32.75 -20.22 30.21
10.00 146.47 54.78 110.56 36.61 -20.52 31.46
10.07 148.97 53.49 112.68 33.38 -19.29 31.89
10.14 151.46 52.21 114.81 31.23 -18.14 33.27
10.21 154.09 50.92 116.81 34.16 -19.13 30.51
10.29 156.72 49.38 118.96 34.41 -19.61 29.34
10.36 159.51 47.75 121.22 36.29 -19.90 28.17
10.43 162.14 46.03 123.13 34.85 -24.99 27.98
10.50 164.80 44.04 125.53 33.09 -31.67 25.71
10.57 167.00 41.99 127.56 31.95 -31.03 19.61
10.64 169.30 40.02 129.30 28.82 -29.80 19.38
10.71 171.18 38.08 130.85 31.25 -25.91 17.22
10.79 173.14 36.36 132.22 26.73 -22.14 19.98
10.86 174.72 34.55 133.60 28.29 -18.63 19.06
10.93 176.31 32.95 134.84 27.79 -16.85 21.52
11.00 178.07 31.56 136.16 30.21 -15.46 24.79
11.07 179.95 30.29 137.65 31.87 -16.82 26.64
11.14 181.80 28.86 139.15 29.78 -20.13 27.70
11.21 183.93 27.44 140.69 29.18 -18.62 29.46
11.29 186.17 26.22 142.41 29.18 -17.69 27.20
11.36 188.46 25.05 144.10 30.54 -20.37 27.87
11.43 190.85 23.61 145.87 31.77 -22.63 27.23
